---
"0.34.2.1": 
  "2020.10.109": 
    Widget: 
      test-time: "2020-12-21T13:08:22.246032Z"
      test0: 
        rps: 803.0980309642476
        test-text: "Method calls"
        count: 500
        mean: 1245.178
        total-time: 622589
        speedup: 2.1173695648333006
        total-stime: 6129
        total-utime: 616460
      test1: 
        total-stime: 3122
        total-utime: 1315129
        speedup: 0
        total-time: 1318251
        mean: 2636.502
        rps: 379.29043861904904
        count: 500
        test-text: "Native sub search"
    AboutDialog: 
      test1: 
        total-time: 16024962
        count: 500
        total-stime: 63113
        speedup: 0
        test-text: "Native sub search"
        mean: 32049.924
        total-utime: 15961849
        rps: 31.201322037456315
      test-time: "2020-12-21T09:55:34.819235Z"
      test0: 
        speedup: 8.343405492030401
        total-utime: 1900518
        mean: 3841.348
        rps: 260.3252816459222
        total-time: 1920674
        count: 500
        test-text: "Method calls"
        total-stime: 20156
...