---
"0.34.2.1": 
  "2020.10.109": 
    AboutDialog: 
      test-time: "2020-12-20T14:54:05.238347Z"
      test1: 
        total-utime: 3255135
        mean: 6516.214
        count: 500
        rps: 153.46334543340657
        speedup: 0
        total-time: 3258107
        total-stime: 2972
        test-text: "Native sub search"
      test0: 
        mean: 761.614
        total-stime: 2963
        count: 500
        rps: 1313.0010740348785
        test-text: "Method calls"
        speedup: 8.555795980641111
        total-utime: 377844
        total-time: 380807
    Widget: 
      test-time: "2020-12-20T20:57:58.797133Z"
      test0: 
        total-utime: 411821
        speedup: 2.290204379173135
        total-time: 412909
        test-text: "Destroy Method call"
        total-stime: 1088
        mean: 825.818
        rps: 1210.9205660327093
        count: 500
      test1: 
        count: 500
        speedup: 0
        total-stime: 5310
        rps: 528.739084181607
        total-time: 945646
        total-utime: 940336
        test-text: "Native destroy sub"
        mean: 1891.292
...